Seed,SC Score,RMSPE
75096,0.75,0.36
24523,-0.36,0.36
90023,-0.17,0.39
94320,-0.07,0.36
65814,0.26,0.35
7525,0.25,0.35
11908,0.42,0.39
59563,0.58,0.38
56897,0.33,0.36
74683,0.32,0.41
8974,-0.24,0.33
21356,-0.42,0.42
60363,-0.17,0.35
58618,0.42,0.37
8043,-0.08,0.35
73910,-0.03,0.34
85109,0.5,0.38
31122,0.59,0.39
8264,0.43,0.38
87548,-0.06,0.39
80597,-0.59,0.36
12225,0.17,0.37
50409,0.99,0.42
9357,-0.17,0.4
21379,0.25,0.49
15383,-0.08,0.38
66418,-0.19,0.39
40326,-0.08,0.42
55455,0.53,0.39
12064,0.75,0.4
19965,0.05,0.42
78508,-0.42,0.41
62060,0.17,0.34
46277,0.53,0.43
98446,0.29,0.42
8760,-0.23,0.31
81452,0.03,0.32
33796,-0.11,0.37
21151,0.25,0.35
91847,-0.25,0.33
45544,-0.41,0.34
48086,-0.08,0.48
72309,0.25,0.32
10177,0.18,0.4
52571,-0.08,0.45
18494,-0.08,0.3
81599,0.17,0.52
29826,-0.08,0.39
53224,0.42,0.41
99721,0.17,0.4
35656,0.21,0.33
80680,0.08,0.45
15337,0.13,0.36
42415,-0.0,0.39
30573,0.08,0.33
72647,0.17,0.36
43918,-0.08,0.32
89399,0.17,0.38
48581,0.58,0.38
2706,-0.5,0.4
7698,0.15,0.34
47177,0.35,0.39
5928,-0.08,0.38
72150,-0.5,0.37
51485,-0.67,0.43
57249,0.22,0.34
93416,-0.42,0.35
51710,-0.25,0.35
71151,0.5,0.38
35936,0.75,0.37
65984,0.05,0.41
13090,0.14,0.44
56520,0.42,0.43
33962,-0.17,0.37
91083,0.14,0.4
3884,0.67,0.37
30083,0.25,0.38
65438,-0.19,0.4
4950,0.0,0.36
54514,-0.74,0.35
22517,0.17,0.39
75007,0.24,0.33
85080,0.22,0.32
51043,-0.5,0.37
17120,0.33,0.39
27602,-0.58,0.52
33003,0.12,0.42
68731,0.42,0.38
28774,-0.17,0.33
8813,-0.17,0.41
26515,-0.15,0.35
46735,0.06,0.35
21572,-0.13,0.34
80196,-0.42,0.36
47932,0.25,0.35
8114,-0.75,0.35
83849,-0.92,0.52
55840,-0.33,0.33
20331,0.08,0.48
66682,-0.42,0.36
