Seed,SC Score,RMSPE
42117,-0.42,0.34
18550,-0.06,0.36
9920,0.5,0.35
83019,-0.31,0.38
31642,0.5,0.53
7466,0.17,0.4
71621,0.58,0.37
38898,-0.12,0.35
64739,-0.27,0.36
48003,0.06,0.47
99646,0.17,0.41
28385,0.09,0.35
55543,-0.53,0.36
75803,-0.67,0.37
69724,-0.08,0.36
63116,-0.19,0.3
47143,-0.05,0.32
99741,0.17,0.33
37749,-0.17,0.37
28909,-0.13,0.35
17018,-0.16,0.38
34977,-0.17,0.33
94961,0.0,0.43
12571,0.33,0.37
29104,0.17,0.4
94681,-0.17,0.43
69184,-0.33,0.42
61488,-0.17,0.4
55740,0.21,0.31
10241,0.17,0.38
77169,0.64,0.4
27213,0.1,0.37
50004,-0.08,0.37
75395,-0.08,0.35
80293,-0.31,0.3
17977,-0.42,0.41
90824,-0.04,0.35
71691,0.17,0.43
74165,-0.08,0.38
10383,-0.33,0.31
31010,-0.33,0.5
73638,0.33,0.4
92675,0.0,0.36
99465,0.08,0.32
14129,0.5,0.43
85967,-0.08,0.31
715,-0.08,0.34
55395,0.08,0.45
7605,-0.35,0.45
8354,-0.14,0.39
77757,-0.0,0.41
60777,-0.3,0.41
31298,-0.08,0.35
36655,-0.24,0.37
78896,-0.23,0.32
3995,0.25,0.38
90826,-0.17,0.35
13539,0.06,0.37
98242,0.28,0.35
61147,0.06,0.49
75875,-0.08,0.32
66489,0.25,0.4
72404,0.25,0.48
99304,-0.08,0.38
33349,1.0,0.45
89959,-0.1,0.34
56817,0.14,0.49
63187,-0.22,0.38
97200,-0.42,0.45
39111,0.17,0.32
37717,-0.17,0.35
26257,0.66,0.36
41527,-0.41,0.43
40494,-0.42,0.35
40932,-0.15,0.44
39691,-0.08,0.34
27667,-0.42,0.35
10987,0.33,0.38
91291,-0.41,0.44
78802,-0.16,0.34
86221,0.08,0.44
94856,0.52,0.39
16677,-0.23,0.37
25607,-0.33,0.34
19727,-0.17,0.45
71638,-0.18,0.44
40699,-0.33,0.34
92756,-0.42,0.4
33077,0.11,0.37
61181,-0.08,0.4
9507,0.5,0.36
96084,0.08,0.36
11517,0.08,0.35
62929,-0.08,0.33
58037,0.54,0.4
78799,-0.38,0.42
3108,-0.32,0.35
78120,-0.17,0.36
1835,-0.08,0.37
79653,0.49,0.35
