Seed,SC Score,RMSPE
98640,-0.2,0.46
37254,0.08,0.42
39121,-0.08,0.34
37277,0.75,0.46
96550,-0.47,0.35
36351,-0.09,0.35
892,0.18,0.37
43685,-0.07,0.3
90633,-0.42,0.34
25759,-0.67,0.34
9915,0.14,0.44
93807,-0.33,0.46
29321,-0.08,0.33
14552,0.67,0.37
55234,-0.26,0.48
36847,-0.37,0.3
27192,0.25,0.35
67248,-0.33,0.37
73099,0.17,0.37
45177,-0.35,0.39
36339,-0.0,0.46
17798,0.08,0.35
85776,-0.25,0.36
26,0.17,0.41
95812,0.46,0.41
27899,0.17,0.44
63035,-0.33,0.42
79004,0.17,0.41
35442,0.06,0.39
13550,-0.19,0.33
90191,0.25,0.37
22975,-0.25,0.37
1490,-0.08,0.4
68700,-0.18,0.38
40602,0.23,0.34
59794,0.53,0.39
54648,0.39,0.35
20517,0.33,0.44
17189,-0.4,0.44
51202,0.42,0.5
8682,-0.08,0.37
4438,-0.08,0.31
52207,-0.08,0.36
17764,0.09,0.4
76578,-0.42,0.45
63153,-0.08,0.4
52319,-0.39,0.35
37287,0.08,0.35
65448,-0.08,0.35
82883,0.17,0.38
16541,-0.24,0.37
75040,0.24,0.39
37435,-0.41,0.34
40353,0.25,0.34
87901,0.39,0.4
48083,0.05,0.49
18227,0.14,0.37
69473,0.17,0.39
72406,0.06,0.47
35958,-1.23,0.49
11281,-0.33,0.38
93457,-0.42,0.37
80480,0.34,0.36
37324,0.73,0.36
41599,-0.16,0.37
37256,0.08,0.37
11348,-0.5,0.35
1826,0.17,0.47
73158,-0.5,0.35
88876,-0.07,0.34
39550,-0.09,0.37
52802,-0.17,0.36
28069,-0.33,0.42
93279,-0.67,0.48
33683,0.16,0.41
8497,0.09,0.44
4884,-0.35,0.36
31865,-0.06,0.34
56186,0.08,0.36
63189,0.07,0.38
429,-0.56,0.34
67968,0.81,0.53
22026,0.12,0.41
73640,-0.25,0.39
42092,0.1,0.4
75232,-0.33,0.31
24366,-0.01,0.38
18658,-0.0,0.35
14005,-0.08,0.39
39876,0.4,0.4
15845,0.41,0.37
54747,0.03,0.43
40273,-0.12,0.37
73657,0.25,0.4
37328,0.49,0.39
60279,-0.56,0.36
50116,-0.33,0.34
2830,0.16,0.35
56209,-0.17,0.45
3214,0.15,0.35
