Seed,SC Score,RMSPE
38410,-0.42,0.33
4029,-0.25,0.35
49838,-0.42,0.33
56066,0.09,0.32
79552,-0.5,0.39
21237,-0.33,0.34
61605,0.47,0.39
51,-0.5,0.44
2485,1.0,0.45
53573,-0.48,0.32
69563,0.67,0.37
22861,-0.25,0.31
60488,0.61,0.38
27482,0.74,0.48
19369,-0.65,0.33
49133,0.92,0.53
93527,-0.08,0.33
54555,0.17,0.42
51000,0.09,0.33
66436,-0.17,0.38
3059,-0.42,0.44
2477,0.06,0.38
12130,-0.74,0.34
80745,-0.67,0.34
36438,0.34,0.44
56860,-0.4,0.41
13626,0.31,0.43
28307,0.03,0.34
83840,0.0,0.37
55018,-0.26,0.43
94587,-0.67,0.36
58350,0.25,0.37
36600,-0.42,0.34
16480,0.33,0.41
52418,-0.27,0.39
3784,0.11,0.35
38708,0.51,0.43
2373,-0.17,0.41
80995,-0.64,0.37
59522,0.25,0.32
20431,-0.67,0.33
56650,0.17,0.5
15828,-0.08,0.42
56128,0.25,0.42
12219,0.17,0.34
28176,0.5,0.48
73449,-0.49,0.33
18510,-0.06,0.33
98594,0.75,0.46
5830,0.3,0.37
44119,0.5,0.41
39764,0.16,0.45
65230,-0.09,0.34
71157,0.17,0.35
36310,-0.08,0.33
4909,-0.28,0.33
99691,-0.17,0.32
22224,0.17,0.38
35073,-0.08,0.34
99115,0.08,0.39
99663,0.25,0.36
76775,0.17,0.41
28901,-0.08,0.35
91517,-0.09,0.4
7200,-0.08,0.47
11393,-0.16,0.5
19541,0.67,0.48
65124,-0.23,0.41
15675,-0.25,0.43
78041,0.42,0.37
68734,-0.08,0.4
42508,-0.28,0.35
90163,0.25,0.38
33007,0.42,0.35
16845,0.17,0.38
67771,0.05,0.38
19924,-0.08,0.39
85119,-0.08,0.36
18289,0.17,0.35
58172,-0.0,0.44
96556,-0.08,0.36
87023,-0.17,0.4
96720,0.26,0.35
83546,-0.0,0.43
47725,0.67,0.37
47426,-0.67,0.35
40767,-0.33,0.39
26060,0.03,0.43
17676,-0.0,0.35
29801,-0.42,0.31
77508,0.25,0.38
69747,0.42,0.47
72758,-0.05,0.42
21408,-0.75,0.46
16379,0.04,0.32
52155,0.23,0.32
71909,-0.2,0.36
22969,-0.99,0.39
42505,0.06,0.32
72854,-0.01,0.38
70414,-0.44,0.34
8754,-0.48,0.34
14944,0.14,0.38
99658,0.09,0.38
99411,-0.4,0.34
23489,0.17,0.37
36691,-0.08,0.48
25001,-0.08,0.45
21676,0.41,0.42
91364,-0.45,0.42
70471,0.19,0.47
80125,0.17,0.35
45404,0.33,0.43
83234,-0.08,0.44
13780,0.08,0.32
55976,-0.42,0.35
54487,0.8,0.5
69987,0.13,0.36
68323,-0.0,0.43
97887,-0.25,0.43
93469,-0.16,0.35
54656,-0.42,0.38
57560,-0.08,0.33
78193,0.14,0.42
51388,-0.47,0.42
97860,-0.17,0.36
58064,-0.29,0.37
20258,-0.42,0.33
55073,-0.08,0.36
80738,0.33,0.41
69346,0.46,0.38
53167,0.19,0.37
12027,-0.17,0.37
17143,0.25,0.41
98832,-0.66,0.41
14649,-0.33,0.35
35402,0.24,0.39
97888,-0.5,0.37
39887,0.25,0.37
25743,0.17,0.42
43468,-0.42,0.42
27556,0.33,0.32
21346,-0.67,0.38
71347,-0.25,0.35
18198,0.42,0.45
42130,0.11,0.38
24696,-0.03,0.38
21192,0.17,0.36
72244,0.17,0.44
80675,0.16,0.36
85241,0.31,0.38
88339,-0.17,0.37
66987,0.17,0.37
42133,0.06,0.37
2448,-0.09,0.33
59190,0.42,0.45
34821,-0.08,0.35
73872,-0.25,0.36
94169,-0.08,0.37
2234,-0.09,0.46
30669,-0.44,0.34
53663,0.1,0.45
55280,0.0,0.36
86739,-0.58,0.34
36021,0.39,0.38
9841,0.18,0.38
2826,-0.42,0.35
79897,-0.75,0.35
19763,0.64,0.34
49070,0.1,0.41
31590,0.37,0.39
19285,0.5,0.35
91379,-0.0,0.31
86419,-0.08,0.36
19092,-0.05,0.35
89624,-0.5,0.32
57195,0.54,0.36
67578,-0.08,0.38
79443,-0.08,0.43
30909,0.53,0.39
86936,-0.19,0.38
4342,-0.01,0.36
4344,-0.35,0.43
12524,0.08,0.32
69150,0.28,0.46
85359,-0.08,0.44
4306,-0.5,0.35
3934,-0.5,0.55
82305,0.91,0.42
80425,-0.08,0.42
53500,-0.44,0.39
58384,-0.33,0.37
84626,-0.16,0.37
74920,0.29,0.4
20902,0.55,0.38
73637,-0.25,0.35
15632,-0.08,0.37
86716,-0.67,0.4
91667,0.17,0.34
84212,-0.25,0.37
58049,-0.08,0.41
97226,-0.08,0.44
27292,-0.02,0.44
76542,-0.08,0.39
96008,-0.08,0.42
28050,0.2,0.47
34726,-0.25,0.34
11679,0.74,0.35
54166,0.17,0.32
85266,-0.08,0.37
45569,-0.33,0.37
72847,0.14,0.48
88912,-0.62,0.39
73883,0.28,0.44
52940,-0.02,0.43
29277,-0.1,0.38
56642,-0.83,0.42
19223,0.11,0.37
71756,-0.11,0.51
83476,0.03,0.36
35955,-0.09,0.34
60417,-0.17,0.39
43952,-0.42,0.44
30130,0.03,0.37
5417,0.25,0.33
74192,-0.16,0.3
34398,-0.04,0.38
87050,-0.08,0.33
98929,0.31,0.53
21461,-0.75,0.41
28617,0.35,0.39
11863,-0.17,0.52
15689,0.52,0.38
95046,0.25,0.39
41251,-0.06,0.45
26989,0.42,0.39
97776,0.39,0.44
40013,-0.33,0.37
76212,-0.17,0.39
80298,-0.09,0.52
68909,-0.29,0.41
73337,-0.33,0.37
8696,-0.42,0.36
4662,-0.08,0.34
71458,0.25,0.35
88097,0.28,0.38
58780,0.1,0.43
89511,-0.18,0.37
69686,0.5,0.39
23653,-0.5,0.34
30207,0.06,0.38
74823,0.09,0.35
13825,-0.5,0.32
2825,0.67,0.41
4337,0.16,0.35
85909,-0.17,0.45
38557,0.58,0.42
45702,-0.42,0.42
86280,0.39,0.49
7553,-0.35,0.43
37111,0.25,0.37
8236,-0.42,0.36
18871,-0.42,0.38
42560,0.34,0.37
3329,0.17,0.35
48580,0.5,0.36
27882,-0.22,0.42
31283,-0.41,0.35
8325,-0.08,0.47
28885,-0.16,0.37
87467,0.42,0.42
34698,-0.0,0.37
94751,0.17,0.36
30875,0.17,0.49
72852,0.44,0.4
22746,0.0,0.36
55037,0.23,0.38
57146,-0.0,0.37
95636,-0.33,0.32
10834,-0.42,0.46
6874,0.49,0.35
33420,-0.42,0.37
18786,0.26,0.38
41886,0.48,0.42
91252,-0.42,0.34
61268,-0.24,0.32
61497,-0.31,0.34
34362,0.16,0.41
23456,-0.31,0.33
58320,0.16,0.38
77040,0.74,0.39
20864,-0.19,0.34
4376,-0.08,0.36
88470,0.16,0.38
81778,0.17,0.36
75885,0.17,0.33
63745,0.17,0.36
35146,-0.24,0.47
53713,-0.42,0.39
55958,0.05,0.38
9747,-0.08,0.37
36773,-0.19,0.35
97147,-0.55,0.31
37410,-0.17,0.39
68535,0.08,0.42
14914,0.12,0.38
1375,-0.33,0.46
69154,0.31,0.42
78278,-0.08,0.36
71712,-0.08,0.36
58847,-0.08,0.41
8419,0.42,0.35
48424,0.04,0.35
21274,0.67,0.44
72970,-0.17,0.3
32086,-0.41,0.41
76833,-0.17,0.39
91891,-0.21,0.45
64857,0.42,0.37
8487,0.16,0.36
99757,-0.42,0.37
5936,0.44,0.38
51755,-0.17,0.36
98256,-0.08,0.32
24468,-0.08,0.34
72625,-0.05,0.4
28288,0.17,0.45
13701,0.5,0.51
2478,-0.42,0.41
2734,0.75,0.5
33310,-0.14,0.32
32929,0.31,0.38
35383,0.33,0.4
13266,0.08,0.4
99784,-0.18,0.42
709,0.59,0.36
8121,-0.17,0.43
90200,-0.36,0.41
85274,0.75,0.41
29701,0.02,0.44
28428,-0.42,0.49
94236,0.21,0.36
68555,-0.16,0.31
10859,0.05,0.36
23214,0.17,0.37
86550,-0.58,0.3
37461,0.05,0.36
33131,0.17,0.45
6806,-0.67,0.36
19702,0.17,0.43
94523,-0.42,0.36
98818,-0.42,0.37
29630,-0.37,0.35
35418,0.28,0.4
94685,-0.31,0.31
8010,-0.21,0.36
61873,-0.25,0.35
5580,-0.4,0.44
11190,0.58,0.38
67157,0.08,0.38
61349,0.0,0.35
59029,0.17,0.46
26328,-0.08,0.32
5166,-0.18,0.36
8275,0.67,0.46
52463,-0.25,0.38
96844,-0.97,0.45
81366,0.18,0.35
15652,-0.08,0.35
33454,0.0,0.31
16084,-0.42,0.34
24133,-0.5,0.33
43809,0.06,0.43
96368,0.08,0.39
18580,0.25,0.38
18137,-0.67,0.29
19114,-0.06,0.36
58521,0.25,0.43
80540,0.17,0.39
18438,0.08,0.44
2075,0.24,0.34
49023,-0.2,0.36
17690,-0.19,0.31
43198,0.17,0.4
41469,0.03,0.4
72961,-0.41,0.32
24884,-0.42,0.38
36106,0.58,0.36
28490,-0.08,0.38
10622,0.67,0.44
37273,0.25,0.47
66845,-0.0,0.41
47936,-0.19,0.38
25209,0.17,0.34
89514,-0.08,0.38
84268,0.49,0.4
66268,0.17,0.5
50123,0.08,0.33
72155,0.08,0.43
23650,-0.08,0.36
32111,-0.41,0.31
26789,0.17,0.34
87843,-0.15,0.32
62279,0.61,0.38
69686,0.5,0.39
30954,-0.0,0.43
33722,-0.08,0.58
84315,-0.08,0.4
55647,-0.2,0.31
85614,0.17,0.35
77955,-0.42,0.39
53559,0.09,0.41
70570,-0.05,0.32
15627,-0.25,0.37
27497,-0.08,0.38
54106,0.74,0.39
11175,0.25,0.38
6107,0.33,0.45
67961,0.1,0.35
10904,-0.08,0.32
30776,0.74,0.38
68754,-0.09,0.44
41221,-0.12,0.34
5159,-0.05,0.37
27216,0.33,0.39
49747,-0.33,0.35
38650,0.5,0.43
97766,0.5,0.43
68457,0.17,0.47
43831,0.58,0.38
95417,-0.33,0.35
13197,0.42,0.38
23220,0.04,0.34
52984,-0.08,0.36
99568,0.03,0.38
38758,-0.25,0.34
45130,0.08,0.42
16955,0.01,0.34
27683,0.19,0.43
60210,0.17,0.32
21396,0.16,0.54
37500,-0.21,0.38
17592,-0.17,0.36
69455,0.08,0.44
85292,0.5,0.41
91801,-0.17,0.37
93111,0.1,0.41
3774,-0.42,0.31
87008,-0.25,0.32
21265,0.42,0.35
35881,-0.08,0.46
2043,0.17,0.34
69916,0.33,0.4
81547,-0.25,0.35
70248,-0.16,0.36
35160,0.24,0.36
14136,-0.58,0.48
39264,-0.2,0.4
1289,0.06,0.37
62024,0.17,0.36
18795,-0.34,0.32
92875,-0.08,0.33
17698,-0.25,0.35
24479,-0.41,0.37
48087,-0.25,0.36
27911,-0.0,0.36
90522,0.17,0.33
59192,0.03,0.37
70813,0.18,0.36
36541,0.05,0.37
4577,0.08,0.43
48248,-1.0,0.34
34465,-0.5,0.43
58413,-0.0,0.33
83733,-0.42,0.33
1475,-0.33,0.34
93390,0.25,0.4
35794,0.31,0.41
93891,0.25,0.44
14565,0.19,0.39
57630,-0.08,0.47
83624,0.08,0.36
98150,0.42,0.39
65238,-0.61,0.45
18582,-0.33,0.37
84878,0.03,0.44
79158,0.19,0.3
78094,0.08,0.36
94888,0.14,0.43
72383,0.23,0.37
8827,0.08,0.38
63643,-0.0,0.44
17862,-0.33,0.39
64105,-0.17,0.4
21716,0.5,0.39
3763,0.08,0.57
45292,0.17,0.38
89105,-0.17,0.39
59626,0.28,0.36
22421,0.17,0.44
